973
415
369
970
444
985
967
960
407
964
953
949
948
952
536
946
507
939
931
937
361
916
360
936
430
353
933
930
924
909
368
918
897
907
473
900
410
357
352
896
890
885
362
346
409
344
879
873
871
343
337
876
367
363
403
878
868
351
870
334
867
397
846
341
355
345
396
957
864
394
332
465
863
921
861
335
854
389
328
333
850
841
947
329
929
835
834
825
823
820
818
905
816
800
814
880
812
806
453
326
810
798
318
325
797
435
795
324
315
794
323
431
320
782
792
725
312
786
306
785
304
783
413
778
776
294
765
292
284
759
713
762
758
678
406
291
283
282
640
279
400
739
597
731
728
276
280
587
275
552
722
274
267
715
495
712
265
262
711
356
261
349
707
340
694
478
704
688
680
679
440
677
308
673
300
651
299
424
254
256
701
252
314
297
672
676
251
248
364
660
657
288
348
247
293
339
641
287
668
631
242
602
286
241
249
585
238
236
628
996
285
233
613
848
611
272
981
603
226
583
594
580
591
579
927
224
590
808
577
220
671
218
576
257
561
559
592
211
654
551
230
542
208
540
212
203
330
920
229
281
524
202
546
545
223
197
255
204
541
227
222
886
537
518
192
787
525
523
516
734
510
504
500
225
494
477
489
215
486
186
185
207
183
476
469
482
467
862
201
851
199
463
615
182
457
829
448
429
443
178
189
342
187
177
184
441
336
174
310
461
168
193
305
180
455
167
176
161
175
160
438
171
449
158
296
385
159
166
437
433
803
164
586
427
749
157
156
154
743
422
420
414
295
153
624
150
421
149
370
412
147
277
270
146
411
458
145
141
399
390
128
214
401
124
535
144
530
137
354
132
379
454
120
119
114
231
109
303
377
133
393
105
408
130
366
278
380
129
373
100
616
358
338
123
263
95
93
331
179
118
240
322
378
117
598
115
195
102
188
111
319
169
88
142
151
127
125
977
122
316
84
376
113
388
79
121
78
945
371
104
97
805
76
73
96
784
311
365
70
91
90
309
302
347
69
139
135
301
86
717
298
582
321
66
273
702
83
108
92
101
82
313
62
271
695
268
665
61
266
260
85
992
68
578
253
80
619
75
962
250
60
245
74
720
244
72
544
57
606
243
521
239
53
490
234
470
65
719
71
391
67
382
55
51
48
246
59
716
237
232
317
221
56
593
45
699
213
573
210
639
49
553
209
607
217
206
205
198
512
44
43
264
40
194
173
531
258
38
170
196
165
508
33
501
39
32
235
36
481
219
163
162
447
152
26
155
25
216
148
404
131
200
116
112
110
359
126
24
350
23
327
37
307
190
107
181
106
27
22
20
290
140
15
289
30
269
103
259
17
134
99
16
18
28
14
172
98
94
77
54
228
52
138
50
191
87
10
64
47
81
46
143
63
42
58
41
35
34
12
136
31
11
9
89
29
21
13
19
8
7
6
5
4
3
2
1
0
