2394
2390
2389
1755
1111
1031
1542
2367
2383
2368
1713
1022
2273
2248
2357
1021
1113
1013
1093
1095
1010
2350
1034
1088
2238
1081
2348
2345
2231
1032
2363
2341
1052
2335
1538
2319
1070
1030
1002
2362
2317
1612
1029
2315
1048
1611
2306
1027
1084
1537
2297
1006
2358
2295
2349
2291
2205
1017
1005
2281
2251
1591
1008
2246
2233
996
1001
2298
987
985
2228
2223
988
2202
995
2226
978
2253
2220
1077
982
977
1579
1507
2218
1053
1044
1012
981
979
968
2216
2212
963
1496
2211
1004
1016
960
2209
2204
959
2201
1485
958
2194
1460
2193
976
956
992
954
2192
2249
2190
1333
2167
1307
953
2164
2144
991
950
974
1341
989
951
948
946
2152
1330
973
971
943
937
1304
942
2129
936
970
962
2139
961
2090
947
935
2136
1295
2128
931
2061
929
2122
928
934
2050
2146
923
2236
2114
2064
1245
930
2103
926
924
1212
2054
1015
921
2210
2051
2178
2049
916
2048
2175
915
2046
980
2024
2973
2023
911
909
1190
2022
908
914
1998
2018
902
1995
900
899
1156
893
2016
890
1981
2010
883
2926
2004
882
1152
881
2169
880
1069
2000
1972
925
874
952
1100
2060
862
2980
861
860
1987
918
858
1938
1991
856
1979
1975
2057
907
901
1904
1974
2943
1973
1867
2925
1970
855
2911
1968
1961
2047
1955
941
853
2889
897
852
1935
887
1940
848
896
2919
876
2876
875
869
867
2158
1917
1908
864
1073
846
1901
854
1064
1898
1886
1810
1883
839
1055
2872
1875
841
2756
1865
840
1862
905
835
1874
1854
1054
1853
831
1851
2871
1844
2868
1847
830
2751
826
2811
1836
832
1835
833
1805
825
1826
834
820
2155
1820
817
824
1033
811
1813
2780
816
2117
1806
2075
1804
1778
815
1777
809
892
1769
2776
1768
2707
803
2658
1767
1753
878
1845
1748
798
797
795
1747
2770
1746
2044
1738
997
2717
1733
1726
801
793
2035
792
791
1714
2689
1712
790
1911
1697
1893
1695
1669
1643
787
2684
786
1866
1638
863
1840
785
1632
2614
784
782
2605
1633
2591
781
1655
780
1630
779
1627
777
1623
1814
1607
773
945
1811
776
794
1759
1605
774
2587
1602
857
1745
768
767
2512
1600
2581
771
1721
1598
778
760
1701
1593
1690
1587
2530
765
1584
1577
1576
1571
2509
1568
752
748
1535
1684
1560
1676
1556
761
1049
1548
764
2527
759
2525
1533
927
746
1527
1526
745
758
1444
827
2490
1525
1666
1514
757
1425
1492
739
965
734
733
753
1661
1481
2466
1479
1475
728
1461
1455
2415
1447
1416
939
1385
730
751
763
726
755
1446
1570
725
2449
742
1599
1443
720
1414
2380
740
1434
719
938
1422
718
1567
736
920
1559
732
2353
729
889
1372
727
2288
715
724
851
714
722
1402
1401
1487
710
2283
709
1399
849
1387
1339
1386
708
1407
707
847
706
705
1377
1541
1374
1331
1310
702
1477
699
697
1371
2244
1358
1297
698
703
694
886
688
685
2351
1356
1469
683
2125
1354
2342
684
1420
676
838
1281
675
677
673
700
672
822
1352
2327
1351
1346
665
2112
1343
2323
682
1370
1338
692
2316
690
1534
1327
2302
1324
810
2287
681
2266
1318
1222
1311
680
1309
1317
659
678
658
650
2081
1288
2045
1279
2033
1272
1506
669
1255
1250
2012
664
649
644
1208
661
643
1206
660
641
656
1892
1242
1889
651
1482
648
754
630
877
1858
1240
666
2245
1233
626
1175
1232
772
1085
647
624
1035
627
2235
646
1856
620
750
859
1839
642
618
1801
1229
2225
640
1285
616
636
1227
611
632
633
1264
629
1225
610
617
1799
1216
609
845
723
606
608
986
605
1383
1214
1194
604
2214
601
598
1205
597
1170
595
842
721
591
602
984
590
1211
587
584
1168
1193
581
600
966
579
1792
1167
1729
1146
1723
596
1687
578
1380
1141
1648
594
1179
574
592
1364
1132
2196
575
1620
573
1131
2102
588
1136
1123
2093
576
1601
572
704
569
614
565
814
562
566
1119
560
1114
1107
1984
1091
567
563
583
564
559
1098
556
555
1096
554
553
552
944
549
919
548
1083
808
546
1563
1076
558
543
1546
1074
542
541
537
550
536
1051
1312
535
1545
533
1061
532
531
716
1978
527
526
1505
528
525
1036
1959
1026
638
524
607
521
1025
1946
1024
1050
517
519
515
1289
1018
1020
513
1490
509
1924
1011
1471
1000
1268
507
545
505
994
912
999
503
1437
504
1919
499
823
498
496
1254
495
821
540
585
538
1878
493
990
492
522
1003
486
484
483
1833
489
512
481
491
478
500
799
477
1390
975
488
964
701
511
949
933
476
472
508
691
475
474
1359
467
485
461
482
471
460
1335
468
1181
466
494
456
1094
454
674
922
480
459
969
449
464
1775
465
448
1320
967
445
440
462
1739
463
917
957
457
1278
455
439
913
435
657
453
955
428
451
910
1709
446
894
1672
906
426
904
424
419
418
1665
432
891
623
421
1654
903
416
1230
427
412
898
888
1160
411
1650
885
1154
884
410
1092
873
406
1133
403
402
401
871
593
1071
872
397
850
442
395
868
386
425
1068
844
580
487
1062
836
382
802
1645
404
381
409
380
379
770
378
377
829
375
376
983
371
470
370
369
441
744
444
398
368
389
367
400
804
366
364
800
361
741
2981
359
1596
358
2904
747
355
1586
738
1516
713
813
350
1028
712
1503
696
2898
693
2896
689
1007
671
353
349
2860
348
663
341
337
2853
345
334
2815
347
331
993
344
1500
365
328
2798
806
327
325
338
322
330
932
324
769
321
320
775
318
2743
655
717
311
654
313
317
310
1497
308
653
307
1448
312
1445
305
343
866
306
818
335
303
1404
652
639
302
2705
297
295
1403
637
291
766
296
2697
323
289
668
288
2662
631
2659
662
287
2623
628
679
625
2611
621
286
294
284
279
603
586
547
2598
622
278
277
940
292
275
1381
274
271
314
756
285
539
280
270
599
261
551
252
619
251
273
267
265
523
895
276
1340
615
249
1277
613
264
301
247
589
263
244
2523
582
242
272
241
2467
520
262
237
577
258
236
2408
235
232
257
231
1196
246
229
879
518
228
230
225
2387
514
2382
254
243
239
2331
510
561
233
223
220
502
479
219
217
208
205
516
202
789
215
473
197
194
743
458
213
450
443
190
2265
452
189
1183
438
211
210
187
1139
437
206
2243
188
182
497
434
185
1104
200
1078
181
198
180
183
201
179
178
176
1043
172
171
166
431
2232
433
163
422
2222
420
1009
169
170
711
165
191
162
161
998
160
423
156
870
417
2161
158
490
155
154
150
2104
157
2101
415
148
145
2065
413
394
137
1996
146
133
667
159
645
414
132
131
144
151
408
141
1948
393
407
140
391
570
387
865
385
557
383
199
186
843
396
129
373
372
1929
196
544
127
125
118
362
837
135
1920
117
819
354
360
116
788
115
114
113
153
1916
122
1812
102
374
138
534
134
100
98
352
783
346
351
130
530
339
340
96
143
363
332
501
329
447
126
88
749
83
1776
82
81
124
430
326
80
79
1762
107
737
319
1716
315
105
123
1562
112
77
1557
104
429
309
1522
97
735
74
695
300
687
89
1517
293
1508
283
399
260
1468
121
686
255
356
69
1438
65
1357
253
392
240
670
238
357
234
290
56
72
101
227
634
55
612
85
59
62
1298
226
54
1280
248
224
1105
87
506
222
1058
78
972
218
53
828
67
812
388
52
807
38
103
37
245
207
209
195
110
26
805
73
796
71
21
762
342
193
731
61
184
635
95
571
173
568
51
529
20
469
336
167
64
333
68
282
164
316
46
149
281
147
269
142
268
139
436
58
192
17
39
216
128
49
259
44
212
120
111
106
405
99
390
42
384
36
50
94
204
41
175
93
304
177
92
152
91
35
299
168
33
174
86
119
32
136
76
108
70
30
298
109
29
90
66
28
60
266
13
256
47
34
43
27
250
45
24
11
31
15
221
84
25
214
40
23
203
22
8
57
19
10
75
9
63
16
18
12
48
14
7
6
5
4
3
2
1
0
