492
485
1705
1704
394
1703
476
818
467
800
454
1106
459
1702
484
1695
483
390
1093
441
1664
1639
473
411
1087
1601
471
1594
383
404
1058
379
1585
470
389
1576
463
792
398
460
453
565
452
364
388
1055
1043
781
439
529
443
363
456
442
360
1033
356
751
392
1558
440
438
524
432
353
1031
340
1547
431
740
464
430
336
335
331
714
1530
329
429
428
426
423
413
713
382
1022
701
699
683
412
407
507
981
682
402
418
401
324
396
395
934
323
1525
393
681
330
319
314
506
312
309
385
376
680
1520
293
676
371
490
924
1508
1501
291
457
1482
302
922
1481
391
1462
415
290
1445
282
403
387
369
400
375
378
370
911
281
910
1441
380
368
365
627
626
279
372
909
1440
903
278
274
1437
268
354
367
890
366
887
362
1431
258
357
448
1426
355
269
447
822
260
253
352
350
349
1394
1364
361
249
803
1363
247
347
345
358
348
243
1362
344
1357
769
245
1352
342
1348
341
339
1342
338
337
334
424
332
327
321
1314
625
619
1311
326
325
320
1305
609
386
757
318
748
241
1281
322
311
1264
310
308
747
746
236
719
266
1254
235
1247
231
711
1239
227
254
708
597
304
1235
225
1231
300
305
299
1225
223
696
298
596
1222
1215
1214
297
1200
1197
296
1194
1184
295
594
294
232
292
289
688
1179
287
286
284
1177
1175
1170
285
277
381
686
221
1122
276
273
643
1097
359
271
265
217
637
1088
621
215
615
213
267
226
1069
1067
587
280
264
211
1066
583
569
581
206
256
553
255
218
579
214
568
1019
1000
263
252
250
984
976
261
244
313
561
205
259
557
204
220
545
307
191
539
949
926
184
182
175
503
198
166
535
159
528
498
246
155
487
427
219
422
242
153
913
239
419
216
527
233
238
504
472
150
148
144
303
230
143
228
416
912
461
141
212
414
908
224
140
892
877
208
192
445
867
841
207
203
174
437
200
374
373
199
171
408
167
811
202
201
135
197
346
196
123
122
195
156
193
190
126
406
397
333
189
306
257
251
795
186
181
783
118
152
764
753
743
117
736
179
178
248
735
731
177
173
170
240
234
172
168
188
727
187
163
162
158
160
154
229
209
677
675
116
194
139
183
666
137
639
113
136
115
109
127
176
151
384
149
164
146
377
328
106
142
134
133
316
99
624
88
92
605
132
130
129
73
120
119
540
121
111
165
301
67
272
161
110
62
270
147
131
107
125
97
526
61
496
128
105
104
482
449
49
237
100
95
410
93
90
114
76
210
84
351
70
180
108
87
81
53
343
82
80
145
37
317
79
78
102
315
288
72
47
69
68
75
103
59
33
29
98
86
58
52
66
64
23
283
55
45
44
71
56
275
51
63
91
10
262
43
60
41
9
89
54
40
50
83
32
19
77
222
8
31
46
185
39
169
38
48
74
157
138
124
35
30
112
101
96
65
57
34
36
28
21
18
94
16
85
26
42
24
22
20
13
27
17
25
15
14
12
11
7
5
6
4
3
2
1
0
