2429
1150
1573
1146
1067
1061
1041
2426
1032
2412
1057
2411
1047
1045
2406
1100
2389
1145
1040
1133
1008
1126
2402
1555
996
2399
1552
1039
1038
1124
1037
1122
2392
1478
2390
1022
1016
2383
1030
1453
1027
1015
1033
1021
2373
1013
1012
1003
1119
1000
992
2362
991
1009
2351
1005
2347
1086
2346
981
979
2337
985
2981
2333
999
2319
1103
1393
977
2369
973
983
2309
2306
1348
1092
990
1069
1052
971
2302
989
988
2296
968
965
1079
2283
987
2277
2334
964
1050
1007
963
978
2274
2950
2273
958
2270
1063
2268
2415
955
967
2264
1026
952
2305
945
2260
962
2943
960
953
2225
943
2254
2240
2915
954
938
2237
1347
2235
2263
949
933
2332
948
2290
947
2205
931
2231
2903
942
2230
2285
2229
2876
930
2227
2839
2214
936
934
2208
2796
932
2207
928
2200
929
924
2199
925
923
2952
2196
2202
922
2195
1017
2193
2191
912
2183
2165
2160
2154
2929
920
917
2149
2103
916
2749
914
2057
2138
910
2190
906
903
2690
2123
2105
1344
905
2024
937
904
1998
2097
899
2650
2094
2076
2867
2073
935
896
2072
893
919
892
2069
2846
2068
2106
898
2845
2055
913
2102
897
891
2600
2054
1335
890
889
2048
2576
887
2819
2047
1319
2044
2043
882
1973
2025
884
2022
880
2098
888
1970
2070
873
1263
2016
2011
2053
864
1249
886
1237
859
2045
857
2699
2008
2002
853
2555
881
878
1901
883
871
2547
860
855
865
2034
1999
852
2695
841
2479
1997
1235
1993
2563
854
850
846
1897
1892
1978
1974
2460
1972
1969
836
1967
843
1957
1211
834
833
2544
1953
831
1880
830
856
827
1952
869
1865
1948
828
825
2431
1940
1208
1915
2540
1914
2430
822
2387
1912
1205
820
2514
1908
1845
1879
2504
1875
2451
1867
851
1866
819
1870
817
814
2428
1844
826
1177
1985
1840
1839
1836
812
807
1956
1828
2385
1825
829
1818
1807
1777
1802
806
818
823
2374
1767
811
808
805
2372
1766
1934
804
1749
1792
803
801
800
799
797
2357
789
1926
782
1922
796
1114
795
774
1073
772
1712
794
2315
769
1739
969
1721
756
1755
790
744
2291
1720
845
741
2313
1718
1896
740
941
788
1850
1711
1689
1648
784
785
760
783
751
793
1782
781
780
1754
737
792
733
1688
779
1630
777
764
771
753
1687
766
731
2301
758
1686
728
745
2299
1682
755
838
1602
721
1675
1601
719
2256
1668
1666
2215
718
738
1657
732
915
1664
717
1595
763
2204
715
1659
712
759
705
2181
700
1645
2213
709
696
695
706
694
1617
1551
2136
701
2126
1611
749
2201
693
1548
748
747
1606
1603
2125
1600
684
682
1588
1517
690
689
697
2134
691
726
679
2115
677
2013
1571
767
1570
734
1556
2124
687
1557
1550
1539
722
676
674
1935
1530
729
672
716
673
680
1929
1529
1909
1524
671
1788
670
669
668
885
667
666
1513
704
665
2082
664
816
1511
1765
661
659
652
662
2075
703
2066
1506
1497
651
2041
1504
1495
653
646
1735
1488
815
654
644
1580
1473
642
1574
1468
641
636
629
1423
1463
1417
1460
2031
1456
2007
647
2003
1451
1516
645
621
1472
643
639
631
739
1447
1950
1444
1907
1435
1854
626
1461
620
1449
1434
713
637
1440
619
702
635
1419
1413
617
1404
633
624
1360
616
692
1428
614
1395
1385
615
2928
613
610
1842
1382
2890
1410
607
1370
1357
686
605
1354
603
597
2863
1342
606
1407
1329
593
596
1240
628
590
582
1838
1325
707
612
1817
587
1316
2768
577
2764
575
568
1358
1310
685
563
1355
1309
1803
1305
1291
588
561
1285
1326
1283
2757
567
2744
581
580
1278
566
586
560
2735
562
1273
675
558
1275
552
1173
1270
1255
2715
557
548
1248
1242
1786
550
1229
2629
1221
602
544
2592
1219
533
1759
1200
2573
656
532
530
1199
1196
1236
1189
540
584
1246
529
2543
1188
2455
634
565
528
600
1223
1184
1220
1179
1167
1121
1746
1160
1064
524
578
522
520
536
2297
573
1152
2293
1138
1176
519
1198
1136
525
1726
1130
517
523
2266
1123
516
515
1155
511
1115
1094
510
509
1111
507
506
618
1096
505
1109
504
1011
500
498
2155
1102
494
493
492
1153
497
491
604
997
489
1074
496
572
486
490
1714
1062
2143
485
579
484
921
571
487
2107
1056
1960
483
480
478
482
1055
1594
477
475
911
473
1051
1593
472
1939
1044
1006
538
1036
471
787
469
467
1932
466
1004
1077
464
531
462
1147
461
460
765
513
551
459
1847
499
1025
457
455
454
1099
450
1019
451
1002
1581
448
481
447
1831
1001
445
1518
434
433
754
452
426
444
441
1830
998
437
421
723
443
1510
449
440
632
993
1474
446
995
436
416
415
431
1352
429
423
425
411
410
409
591
986
408
407
435
406
1787
405
1227
982
404
1093
976
432
402
400
392
972
1784
395
970
984
403
422
1183
966
1156
961
1068
956
391
390
951
393
950
385
974
389
384
386
527
382
1014
383
381
380
379
373
377
944
388
372
518
374
371
370
926
940
369
1135
909
907
368
367
366
894
901
364
927
363
361
362
1717
360
359
358
1652
879
357
1620
876
354
353
1101
355
351
959
350
348
957
347
875
345
346
872
946
868
344
863
338
387
858
1090
342
331
340
330
1590
335
1569
334
329
333
328
1523
862
323
337
319
861
318
849
317
866
848
844
840
2949
327
1081
839
315
2947
847
313
2910
339
308
296
326
842
293
2868
832
291
798
2835
300
290
1500
292
2814
778
503
289
285
295
1049
288
2812
821
284
824
316
1467
283
280
279
2807
413
273
874
775
271
810
268
1466
309
267
265
264
2762
773
259
809
770
768
813
757
762
256
1321
752
254
750
252
399
269
761
251
324
743
249
243
2745
802
742
2739
736
2677
791
312
240
2659
735
306
2605
266
1302
258
725
2587
711
239
2585
708
727
698
2578
247
1277
305
238
2552
683
746
663
2525
655
236
630
2450
303
233
231
230
228
2404
246
2365
275
226
248
225
224
2335
611
650
223
730
595
658
221
1252
589
594
220
219
714
585
1217
287
218
681
217
216
215
1178
282
234
649
214
574
213
204
2278
211
202
201
2249
278
1127
274
200
2247
212
576
199
710
270
2216
210
2182
678
208
207
622
205
570
197
2166
250
660
559
625
198
608
195
2157
241
545
196
1105
194
2060
599
192
1911
543
191
1020
598
188
1900
534
1878
592
187
980
237
939
185
242
193
184
182
189
177
1789
526
569
176
918
556
181
171
166
553
180
877
179
1785
168
867
162
837
167
555
178
539
160
227
1730
521
541
165
1706
535
161
159
154
512
508
476
474
502
150
1691
157
463
495
458
786
153
564
148
1626
453
1592
149
776
439
146
142
428
145
420
724
137
135
134
1583
468
121
125
1578
419
1563
141
116
115
129
114
657
418
113
139
110
1522
424
108
206
109
105
640
412
104
127
547
101
100
174
99
1512
140
126
98
537
93
1498
396
1479
91
1443
124
117
118
85
1333
138
1324
356
1175
112
1107
106
133
77
401
102
86
76
627
397
69
623
349
68
1106
94
609
336
332
144
601
321
1097
79
583
83
67
554
365
66
1071
122
488
81
320
64
479
310
549
59
58
994
304
56
975
95
908
301
902
73
900
80
55
895
442
299
72
501
298
438
297
71
870
88
52
294
835
70
430
281
286
63
62
343
57
96
720
427
277
51
49
325
272
46
45
394
263
398
262
699
44
375
43
688
352
261
648
42
638
245
38
92
546
222
37
542
203
514
190
232
36
302
34
470
341
33
465
314
175
173
186
172
35
183
28
25
311
164
24
456
32
170
19
417
61
163
276
27
257
155
152
12
244
151
307
136
260
54
414
20
378
235
130
147
128
376
229
31
322
158
123
255
156
111
253
119
23
209
103
169
97
120
87
143
18
132
75
90
21
26
82
15
78
74
131
22
107
65
53
89
48
60
13
50
47
39
30
84
41
29
40
17
16
14
11
9
10
8
7
6
5
4
3
2
1
0
