20598
94767
61575
16389
99469
40385
15915
11377
94879
77813
75239
46387
33653
82738
82578
86258
91532
86932
33169
84060
83597
87394
12905
76834
44649
34006
47591
86537
60694
25132
24038
55011
86351
24294
98923
59960
98942
16796
99207
35019
10929
84168
36491
46623
67169
35829
73154
79328
39910
42296
12620
31183
56609
57543
21071
38387
55514
28364
9692
27120
96006
47332
27086
33959
50768
94902
64648
63061
20648
18934
87827
42738
76955
45127
63885
73707
39485
90136
23756
14071
43679
31312
10262
7252
20256
79052
35523
83070
91933
38944
11822
72430
37746
70113
96392
736
27536
93565
73853
80146
53057
14987
1177
94247
87057
33710
87695
18578
34910
76211
77684
55249
29493
62912
88672
50737
72677
24176
50010
26850
65665
37397
34974
73673
52561
45669
15981
71134
48222
60181
52829
54111
52873
84526
7626
7929
40536
88486
61840
83169
97891
50738
30538
8092
57790
18572
9197
91455
62629
22790
1000
39515
38568
28836
61997
3203
42921
30007
34045
6657
17756
37364
44506
96359
88779
17165
27430
7946
87666
65875
47024
9144
91355
78156
36253
12704
68369
29919
96641
90614
80638
80533
26504
48215
24263
45514
38840
35665
18804
40861
8010
94074
48393
56837
42076
46865
47621
61284
52869
61179
2602
89274
79108
99638
64161
57287
19710
54910
14843
79624
50552
88086
53222
64484
33907
63030
70684
76392
65976
19990
99467
65860
16248
52420
83716
44979
17039
14625
87158
57276
67962
69416
44884
39929
64184
21149
71607
10151
78939
29015
6693
12495
3305
21971
34083
97306
43708
74310
16065
32893
61876
18958
63421
78631
75530
36620
77817
89496
4083
63994
89005
14073
6851
6117
43100
36425
9064
72219
77121
9948
62951
48083
9143
57684
39710
24918
40098
76222
85686
8153
89752
74339
87679
8992
92719
44659
34575
94301
77712
82811
28013
55764
25481
55722
60700
51253
56473
93264
96098
91559
13922
27607
87531
65351
86513
96367
85618
95779
26502
44018
71023
91906
92957
11451
85061
68288
47715
25811
51444
59570
92962
56539
34263
69710
81545
16567
80104
19836
89653
70337
1973
30462
65551
14130
44955
494
61040
10471
22550
80143
78209
7445
57289
94363
82424
76319
29308
28194
47633
71527
93249
35398
58972
17782
74522
13115
4201
58352
96892
95281
15227
21997
80145
70950
45031
95874
54348
55560
87316
75149
75288
93012
33821
31552
25774
56490
41450
27467
77243
31371
16945
62881
6050
59842
36274
64313
61054
51895
86882
11033
33416
69974
54986
51840
52388
2548
16680
30441
28908
94909
25512
98723
5804
79026
19911
31838
66793
83803
14558
54996
61376
36970
95149
86772
46931
92051
55262
45594
50462
16212
9975
62921
96869
85518
58302
66384
93355
99364
10175
2163
78418
69629
67605
94256
19203
37633
89528
27115
83761
83284
12146
53920
20864
29215
4144
43797
93817
56133
38455
36807
57375
28066
51373
15560
27033
26808
40482
93806
3340
12082
23529
43716
45226
40309
45
4693
87035
22740
82118
77931
17791
83587
31972
43702
76038
58413
93548
29035
1690
14146
26826
43992
18834
13352
32114
34334
4708
84175
45913
98543
21041
57213
69584
34554
71816
17580
76018
83
41271
51465
43139
14931
74288
93939
95802
8923
71416
44860
93899
70144
31904
87093
86241
44826
46240
83248
85818
4271
66076
55013
84022
78873
90278
28593
1786
25822
75158
83512
64842
629
54555
69027
90764
96538
5479
8015
37286
73799
24698
89479
55920
51774
78536
83834
36062
17862
83014
86436
41963
53031
8903
58614
56466
40067
59061
65180
54876
75432
17145
49057
22529
84616
90301
53501
24371
81658
31298
4124
75756
23439
53938
13702
38919
46115
101
50134
46853
74456
51189
40714
61234
83505
87862
56980
11518
94690
56933
90066
18810
91129
68836
1697
43005
53149
39125
47830
29319
60994
45056
80094
18860
13236
79866
95327
37449
49976
31323
37229
9060
30729
47072
63038
9221
68407
93740
90926
74407
91953
78580
80870
70324
8524
26273
25627
3172
74768
23394
31699
21628
86071
96382
28093
987
52047
91153
29352
38528
37544
49050
20246
68755
70959
84010
27214
96759
20299
26800
34109
57333
62532
14391
27134
42915
38326
71091
76720
16944
57316
25934
92070
91263
16491
14052
77326
83258
17597
78257
12610
45850
87756
85638
65242
2358
6608
38732
68609
34604
6493
20300
94484
20755
21952
46383
96791
51090
52238
3560
36732
75659
81113
68683
61684
51455
32484
40809
46675
90267
79888
66562
45359
42688
91061
85917
67668
45516
16883
40430
95339
17913
88628
64894
3072
75274
97259
50998
37537
45023
79981
19574
76756
67712
30253
2051
96142
70518
60498
74737
45804
13295
90502
55391
45005
7677
21119
17963
78526
21841
27525
70856
5571
47211
9074
35018
30689
90697
97574
81685
37995
51814
15759
49879
40573
53601
42657
11098
95506
3812
39210
51397
22012
5090
19743
24160
10061
30953
54929
80661
90341
69875
68674
54950
16581
63900
75344
14643
63476
81469
14765
70114
21471
20559
80422
97705
64499
45265
43677
11664
89264
6459
90635
13059
4444
65614
34478
69335
54793
6390
50153
43544
36351
19427
81952
53227
7596
87709
27417
79776
5839
871
30035
27351
24978
38367
66560
69361
32061
94922
46047
99974
50678
11070
31734
9019
78590
5262
11136
72558
25699
89775
13585
52798
75524
8241
65550
57512
14827
88513
46536
35708
71715
11757
39321
1761
32028
44957
80536
81765
37674
67764
32867
17085
61525
17461
91288
3486
66219
46584
22217
93483
21329
47179
35695
54263
99642
57471
31122
87591
6696
44414
38871
93123
30103
73932
16011
2968
30078
70224
25607
1118
90892
12623
91268
46642
96180
97444
2317
11288
89816
98684
93660
99494
38491
28310
88821
39820
38381
31678
78070
73505
23611
29700
28432
34143
89510
30110
69589
48940
64196
2221
79859
21676
64040
85859
2577
27456
43375
15296
46683
23662
35813
34759
89529
39219
6712
60027
61271
28501
49141
77390
88241
18959
51936
46708
74876
54823
48926
75899
65768
3209
81912
45052
10768
84457
12922
8073
30733
58170
55204
36367
98010
70965
20439
50199
89403
83058
9434
34193
89508
43595
41915
64018
13103
50842
96830
71132
27402
53135
76101
8583
86731
5842
66971
17879
97905
43619
6881
80393
69937
48019
94099
13854
99321
4373
45532
46478
66878
6327
55675
65298
19579
75628
81329
7527
67482
49847
63543
83095
92088
31947
96533
30606
42370
62439
38172
34169
82661
56354
58657
22752
87872
81935
6813
71307
78813
44479
66700
11247
60730
49181
14790
40577
63679
66739
33487
22678
97186
57216
63392
28876
16549
89743
82455
90811
65253
2872
48606
44918
29808
86685
57203
27223
48038
30029
11814
23996
30146
908
54956
29573
61100
16486
8543
50224
80430
23428
37664
33221
1274
81232
59826
62959
93147
59380
82249
60177
66045
58428
55090
76361
72969
7645
56645
77384
536
31010
39311
34123
85137
21666
93152
70951
50724
67994
50348
50138
49350
52936
69954
99057
78596
37638
83170
77622
38411
15375
14235
72585
78134
87729
34220
47504
6464
67349
79970
25571
90725
31463
55248
59985
32549
69588
40955
61588
38410
55872
81634
98780
5204
93251
66778
66210
9157
44781
21861
50740
13486
83470
48475
66330
43903
77191
64103
81704
97613
14217
85272
32842
85528
18745
98427
63697
7062
55812
95913
4049
88263
79536
77601
7457
43396
16081
13293
2373
86450
53150
55214
30680
24805
74476
63714
51673
76380
99484
30636
62334
49478
42610
58122
56221
66274
36443
37534
55789
71000
78911
67468
6244
60964
14400
8138
67366
49303
10530
10714
11050
3381
2620
73968
75549
13758
48276
50393
76075
89535
17076
51460
97389
30151
89001
31191
46404
21815
86084
90386
35491
55678
7168
70482
42462
47137
7146
15077
83196
41410
99530
99777
65896
94599
18393
50223
30707
23864
72377
44440
12848
24731
22252
65946
64450
4194
62474
73476
73134
22621
42285
32016
94285
53468
80472
17894
63249
57779
40313
8954
36598
78019
96516
93352
37867
86222
2037
51254
73616
96027
39129
22975
3359
57824
21441
62553
99157
61788
71390
21834
38684
19720
10787
3978
72876
98949
67165
92496
74666
83749
31896
52287
41049
80602
88106
81207
72554
56286
21630
53341
51903
33026
46095
26394
23471
79771
93439
25255
62187
56819
48859
93270
67287
24117
71447
21193
75908
59502
13815
79629
98882
9173
22633
39546
82478
70338
9935
81321
98611
82032
88378
90279
30314
15559
14914
54044
81091
21446
65175
28581
15662
57061
15376
75498
15755
34631
78611
38793
94827
11078
59526
82302
68575
86786
37575
99058
71078
70637
24952
35275
2049
25034
87184
94913
16638
19575
60358
21896
22464
54114
32784
30938
71025
12351
33185
66952
6948
56868
61433
97703
84111
33037
50658
44324
19272
33933
67629
91097
99668
7200
60655
11134
38473
89796
26378
90563
82082
79417
98084
6319
57332
12220
24058
62180
62651
29776
58504
72736
1963
34734
70242
43800
32535
82983
25923
95642
20363
58262
58602
92649
56872
81560
91992
96042
40264
27460
35823
50811
99432
21541
80514
57694
13233
35242
2198
1141
8612
28138
47923
88319
47186
11445
76533
67808
4901
22503
39386
49015
59751
59124
61243
54152
24936
60721
88590
72610
54417
77548
34732
58705
10754
56589
17937
36072
35588
51911
63380
96918
97285
71611
20071
57052
94937
97324
82789
63130
30663
82233
31792
41292
75600
95415
99282
90629
3806
81417
40267
56140
59401
69134
95196
6535
89892
90506
28322
88084
78335
49041
80806
3718
8448
59617
6577
51380
15871
40611
24644
56409
15189
46541
42394
66389
53536
96325
70656
28238
24181
39015
51121
19509
36993
92909
5339
3686
89087
64308
12765
47175
91920
60905
33508
28371
57641
93414
18883
56720
21198
33784
53488
93061
8294
3278
2542
42595
10432
23685
57107
91199
2983
34035
59241
13633
89586
76227
46121
22449
73534
90767
98467
25682
30135
49428
11186
12750
2450
55418
71403
62132
31550
98495
9586
57863
66888
13188
81100
24677
23817
95142
4829
90222
55462
34796
9047
80266
90206
68263
65085
24266
44513
92040
70173
63447
87015
79018
42025
46323
2267
11839
17084
61265
34005
32167
40346
52118
27910
92211
37849
69348
96208
31529
40703
99655
77661
57856
49256
99471
13498
84253
98669
38292
70524
80180
75551
67314
59595
32264
30276
74094
44629
54586
62202
68926
38933
64102
96317
11324
44708
14002
53022
64743
10028
79476
74449
67819
11369
45306
12334
26857
49056
19109
66975
48868
1431
45172
32177
77904
41173
57789
63139
18544
31563
45839
34385
5721
36582
48418
9136
53523
19518
99838
7697
85394
53776
57690
33891
92430
91502
35414
99137
2397
24733
27744
74917
63398
27178
4335
11491
37247
40988
38746
86529
29611
4976
41266
4296
71574
2513
30550
22711
41284
249
5034
70321
28270
83603
92772
28303
44978
73652
33635
15194
67262
37461
34015
39073
2045
96805
33061
65338
44245
16887
44852
70718
9997
33344
61424
8633
46735
21837
23332
12331
33978
95657
72987
38815
26852
43964
2799
32037
80967
78405
61793
38018
83554
36036
199
30709
49640
63455
87426
38428
62625
89690
88744
97820
75046
13325
65153
62329
6359
62990
69781
82484
59671
78328
87462
14573
55138
104
13894
49916
10023
99003
86848
11336
53805
87377
29713
99242
60465
17753
31741
7606
85588
89033
86337
5302
43983
35097
64153
47041
93836
38291
74133
68665
61125
74599
26536
80532
43560
88692
10299
42633
43853
21250
28995
31291
26141
52739
34804
7796
12345
47999
55734
40842
94747
2454
33839
57345
2060
35502
45967
83167
5863
38885
20023
83602
66206
72636
1965
37959
83985
5816
95081
49726
54964
33515
39339
86878
94667
94680
67537
21744
18721
77879
12593
59404
12477
64438
24606
96480
18624
62306
53521
44707
48553
80264
48395
62524
11207
33540
29651
84482
76903
70301
53156
33897
64641
90766
84534
64090
7816
2366
3701
38156
55485
24982
73416
62867
34421
96235
74468
40021
39193
36905
11635
33679
56926
30720
84244
2701
5667
14917
68202
73117
92522
12322
89048
78637
77130
65970
33023
72160
90768
32577
38556
46714
4592
60801
18732
80078
74657
82982
15358
40741
90175
28856
95870
51566
50911
56554
63340
58951
93637
14589
61460
35995
26972
16370
17062
96383
37018
93573
84126
47927
52295
73503
15161
78683
77936
47350
59716
30501
14244
13015
15635
739
84799
69921
26040
96113
10618
81557
52384
48892
22718
69984
52837
7732
111
93515
96700
96548
5207
19176
54678
93686
51575
69787
56874
1077
52511
51406
75984
67593
73865
93143
41890
42852
64490
517
61343
32872
71342
31299
68041
90936
2174
7778
59788
90215
57831
7982
62619
76744
48519
90577
44611
54728
77028
63111
42890
40245
75284
13952
82370
21776
84197
84373
4663
81017
90280
48922
82765
58809
84695
32486
65968
10927
46516
17466
20774
19590
51748
42395
60780
46783
94190
50865
30347
63680
37217
18548
6724
61225
5431
17421
82573
56059
54529
97552
85767
89441
96862
13968
35930
28453
80567
55596
15747
88862
81533
31749
91446
84930
29375
28571
76336
56038
13072
52897
37435
88942
12216
14036
85467
49954
4608
13715
72901
77650
27216
67742
75597
55103
95360
59745
637
77744
36800
59414
87561
49663
28960
31797
9900
7956
27746
3863
84566
75146
74303
18099
4377
7537
55330
208
67550
26770
47261
96201
51061
29003
77607
58815
33611
25178
74157
55241
74847
65467
71543
99889
88118
56892
3745
33071
31697
24739
5563
85942
67733
34885
6531
20607
69303
69901
91989
67138
37914
8799
73514
69720
39450
63098
26268
61223
3426
54243
3174
37898
4200
65786
92842
52358
69330
11032
11162
78102
119
17968
34438
24232
96564
8245
85873
3540
47440
10938
75042
30433
89172
80793
78810
33226
4775
79080
56091
97
1612
80911
5788
50864
46043
8505
88061
87005
52492
36949
61146
35078
28151
40408
34336
8088
70500
48543
52339
99071
56674
2040
97710
96858
92693
33391
67099
36518
34679
66452
13080
55463
26927
91564
12845
5030
53861
78302
77647
56182
85424
75678
71967
51329
81945
22489
40572
60910
13146
72743
89947
77652
16759
8766
26492
15075
61659
21032
81758
33322
86918
29351
70752
64938
50046
92705
31561
25262
19630
58109
24621
16288
3581
44499
90177
7917
21717
39448
61101
47903
38615
93194
43195
12836
49509
97587
80477
9385
68231
76513
76024
14304
12206
59771
57096
25218
64158
13790
97198
45818
89231
79211
1715
87060
73180
79595
52104
86228
91630
61610
56726
15819
19740
41064
50271
52582
9641
92381
70201
72892
70605
66672
88364
65673
13086
10434
90681
66997
20842
55883
81480
78469
23185
53179
73346
28140
12913
74216
67147
63429
37446
90255
31624
70581
4751
29118
53600
48484
21058
10185
4876
79413
12788
48856
11540
8645
10038
13345
52316
17564
84622
30812
80797
34779
41620
27542
93845
60980
79808
71797
75925
34608
80025
73066
40420
11306
39298
86124
2980
51111
95853
76693
82013
66109
40830
35034
35506
34858
12241
6468
65871
70172
94911
98551
30683
67362
43643
58757
81466
60008
96889
58279
58551
42115
61106
77553
12547
17123
88753
97427
28362
31606
97433
732
86682
71380
50548
43214
62068
78307
3396
26415
59519
70474
66014
94672
65079
61155
30496
65894
18969
23233
84045
18591
62501
87434
55333
61689
81362
95388
66617
78246
30977
58933
27448
80641
90337
48532
28635
25599
39044
15674
60857
44438
49362
43963
97546
77790
77513
22223
52138
74878
17588
71926
66477
72404
13960
6656
26418
3076
85893
10969
45852
5585
60822
75764
93070
34077
53196
77469
10792
86200
85510
84257
43955
4064
76814
17738
37628
92648
94958
8852
38267
67552
22399
61541
35172
35167
35577
53942
53713
64835
4543
8501
28457
77920
64230
70660
4915
25159
5378
18899
7159
87800
79917
65151
16093
11629
63895
85089
54319
38832
62508
78720
12438
33279
22432
62309
7512
61361
19908
56424
918
15963
39082
73085
69640
61509
84238
96921
12166
54065
82613
94663
86664
39885
97258
76995
58456
99950
29885
44118
56158
71625
64878
20109
93874
68877
11415
14745
48017
7227
4065
43244
99147
43401
47513
12900
82360
48697
35054
95181
28042
59906
11661
39236
39480
31962
7744
8519
31911
34469
27135
73668
42991
66643
42704
12388
21053
25454
26353
74390
79769
77891
13704
12244
88941
3180
21251
31127
95162
86140
86058
6126
94567
92614
99168
90231
53075
27849
7950
7220
95027
87153
41744
54821
81032
36959
10043
17856
24230
52745
99736
2515
3067
56817
88977
49219
33289
62018
10318
77161
85306
39494
77955
7830
90929
9962
30013
16584
80759
3392
84577
74218
48679
84939
40928
21692
21838
52645
45321
59527
67787
12779
94159
37417
95102
79135
55339
90351
68815
97897
88334
7054
81141
55587
84486
40161
57672
33394
94877
9063
89700
47458
54825
91506
49401
77572
35746
37517
72239
13251
63443
5997
97851
55266
66542
27202
85347
17892
22292
28366
22954
63886
92176
67344
20578
13851
2122
2835
22308
7651
17451
60097
67982
41123
28220
1814
36075
59532
89311
18145
49745
7447
96985
39970
4850
66899
71366
51534
84001
2339
59193
99865
3924
31465
61957
38722
42968
62432
96876
96666
31379
9352
48487
49678
44743
91270
17798
75446
62640
53251
22279
29696
5192
35413
94216
64087
87534
37384
12914
61528
48913
34964
80618
70770
33387
79394
73866
52477
42733
22867
96750
72158
85781
85425
97083
595
1968
64639
68883
62727
11455
47934
57435
83181
11458
91341
98374
62667
2819
68066
42988
13136
82420
97545
44181
87092
79924
49293
81370
87231
47236
23704
53354
87044
43332
61326
57907
28297
42290
6614
47861
59155
5429
72996
48977
86423
38776
65456
93402
53095
1007
11043
26392
56937
94938
6666
41591
17792
51730
32425
56412
88203
98982
49469
49903
11840
76414
15441
75372
85046
23674
94983
77539
13478
307
79755
22991
98367
82894
46502
34691
16231
82070
60101
79156
63314
74830
57530
10064
66252
91843
96417
73685
30343
90804
72445
56667
72884
47071
86279
66188
78803
68633
36570
120
46571
76232
81573
10781
32389
76728
66338
16371
41716
99998
40007
56772
88344
58088
34542
25436
94141
38935
51106
52708
64596
45680
61642
78058
37799
64836
92283
48513
56850
55843
27241
92042
1311
69956
95598
13820
58895
9022
24018
52707
26778
90058
36693
93506
6398
65260
74315
10360
28542
32878
18992
64195
56622
6619
29727
10726
23494
17542
27067
39537
13318
64393
8669
39102
39487
67528
95192
51799
29953
9917
19517
33889
63525
89845
47319
75568
26947
55997
44279
85033
3197
73700
75141
77223
22548
36567
38099
60912
65642
7424
54448
87665
59474
63063
62987
40215
94719
57581
6739
95946
57735
77666
84937
60461
27558
33811
27792
55998
92510
53752
36473
69823
77767
73247
25553
4129
53975
45522
9680
49984
75064
97799
93361
32684
44756
50694
47784
61675
60972
26481
32444
27966
22216
14482
43500
93827
38321
41004
4294
94857
68693
27357
64852
72926
48988
92311
63345
99528
27692
73756
99001
74464
66044
33332
33017
11662
45162
46482
25009
45819
97896
60829
54777
46643
43971
41629
94252
70697
24884
24241
95698
45531
5811
36057
34384
37321
43969
22942
3332
70357
1470
24025
25561
13051
67131
79686
13946
53374
47373
57170
76540
4807
57930
65272
42604
96096
47516
11958
49921
55151
87039
48145
64367
16188
4517
50616
45623
85179
57819
38681
52123
56327
48342
53260
88427
18200
37157
16079
88069
3579
35648
52310
96676
41743
6133
88669
77404
49024
8887
81264
56735
55899
50852
66246
99315
9092
45773
93771
44462
4732
20276
99781
7433
38035
36678
96216
38964
8340
39040
9250
81743
35010
24933
26612
49448
33073
59276
72469
64051
2204
4289
98568
85252
14776
72816
10793
75700
50731
51078
32507
40677
77814
60753
22317
62443
53157
69463
7423
78432
66556
12175
44713
33702
89671
49328
52648
46207
88302
68803
95575
96852
33608
78029
84216
42591
91525
31374
66144
28982
84539
71075
3521
72447
29303
47698
324
68348
18129
20806
54618
11344
57645
73591
79807
33908
37690
32176
59987
6367
34436
97953
37507
57376
60185
84856
8711
32927
94029
39163
52491
99085
60799
69688
62511
96318
85048
8825
93701
9649
1731
13110
53782
71785
92449
40754
43253
10479
57542
97487
32831
67759
9466
51684
31098
34639
27940
57260
94206
32758
1950
4084
79729
15783
34698
25328
8047
55988
77537
64889
31926
35073
21337
69362
10725
95140
74155
17957
94075
88949
72539
41367
84318
25426
39536
51750
81058
65752
96835
62098
45596
32479
442
40153
27590
52275
58619
81087
97932
63730
41839
24428
61152
54818
31124
60353
19626
96186
11817
98450
53952
36681
14143
82119
84006
39782
85485
92116
85032
83051
78710
25850
47811
93662
6330
46978
17159
80391
77103
39226
98460
4000
47267
13608
50705
10849
9364
51146
74548
25316
23638
39381
53795
24562
30111
66083
73026
25040
49570
86312
38311
9635
59390
9597
21137
61816
49561
37627
54822
93468
46220
95608
85413
24127
95367
21322
54544
37484
62956
77281
54981
51190
97311
90283
75166
28961
29513
24484
87048
24609
70585
69274
38872
90083
83521
20498
88214
25755
5019
82846
55501
74446
52710
57710
91998
9873
16582
82551
79833
43414
49915
43529
34700
362
39134
6532
59805
97967
89715
96334
90127
61774
55649
5135
42254
35339
52525
37093
47750
21341
647
88667
42920
48161
54860
58890
23248
81900
77450
35627
21693
14332
74273
53273
87952
77012
88059
59166
46625
50302
61176
59391
28273
53350
43759
2976
87849
91344
42798
27473
7115
1214
16934
15008
86943
22108
69682
45310
25566
36135
60209
61574
39882
16848
46431
53807
75903
36190
80664
51553
36945
10601
75329
78933
87968
76844
29191
74359
56680
55032
78430
76145
30077
85803
35581
98019
10822
45736
99533
38178
53028
98304
73804
31906
8038
34545
49818
71428
72932
44108
15098
31293
1972
78364
83261
47172
31343
96722
31042
46481
69220
35938
20409
49943
9925
3839
73428
96146
72791
96987
61736
1492
49166
46506
49680
12961
80243
95572
64106
4744
95005
98769
5712
67042
30929
23516
54080
81915
32647
69191
98314
29413
6284
69323
24988
17975
90039
49537
86673
13917
45053
46602
47441
149
99239
75153
9014
51418
33342
52262
11376
82489
14640
24310
41970
71567
17198
72774
78439
89351
56105
51220
17653
41884
1787
87045
53572
81169
52992
49604
25704
75763
1292
31158
58963
4513
18002
79694
98647
77016
85050
81499
57665
37773
50336
76642
94303
39952
41646
87954
58959
4069
63579
71598
67144
56617
91182
6816
20787
62262
97810
18352
14997
69915
31458
31031
26265
16767
14717
16201
14451
56565
13747
6900
42431
94017
59917
60573
63725
53756
45072
35626
46222
22006
98936
30930
23781
31217
69331
75802
67891
27544
19723
1059
52078
32837
63522
61391
81408
55479
5741
7047
30215
35542
86021
29546
69088
65410
8012
8459
5123
17302
44922
84664
89236
17220
78609
75945
62973
88583
91878
72243
78319
89283
55801
90932
82154
84005
23818
7605
57564
58400
88231
59145
23160
73316
30630
11607
55004
18855
7316
73454
2179
60043
9798
45888
65772
47752
27741
37842
57302
64637
87696
77395
4308
8719
2767
47852
64923
10833
80548
74231
33578
26597
54133
98520
14279
53029
90308
92817
6308
13054
29820
62874
18761
42317
38412
61680
48002
93221
28573
83084
91812
78535
11590
3418
10512
82783
11208
56187
38996
81575
28203
48764
77753
48636
89942
67828
89352
11221
63693
94112
11164
97092
28500
51277
1133
19412
73124
49241
77795
21734
924
95667
59189
64489
42328
70419
165
91885
6203
61867
92493
82482
98393
95529
76997
46176
78819
19204
96967
2302
90366
25106
96705
90806
41245
7619
67694
79045
37310
85205
45916
5621
42278
37696
14496
95039
34480
46552
34969
11968
72111
99359
54681
89930
9458
70608
25514
42130
12940
20104
18610
86205
2580
83328
2940
85978
92723
9416
93901
21749
54409
26323
5825
54168
9858
84265
79564
38535
68414
40366
72312
27760
92910
4321
62410
65031
67707
20631
86328
65033
41813
58722
68865
73957
13508
59602
23360
49555
54811
66446
80736
37760
85718
86828
86524
93114
14508
95135
2298
81955
29966
94574
44249
68743
80980
62405
56661
70411
82386
70188
29246
5726
78086
52700
45368
17620
58633
97157
4875
50423
89076
99647
93574
98252
74424
99108
86074
82074
47187
73555
11449
88245
70364
41336
89171
65526
38460
87732
73086
46031
59843
25832
21238
99126
30667
94290
34458
25335
91897
89736
85825
50649
824
59263
62437
7936
56153
84582
14378
52564
489
26571
3813
14066
56041
22541
17483
98083
95659
5759
68902
81294
69592
93715
42376
73008
77303
7466
30799
28833
27278
5775
20859
72390
46656
46666
69259
86484
1301
94260
7502
17472
11773
86606
31867
28941
20514
25523
49338
92825
67037
64188
49597
43996
95789
32766
56242
45139
51413
1315
80237
15883
15653
28769
35209
46423
97484
46233
31559
91612
90569
59106
47841
88146
58753
11496
27170
6119
29422
54599
66502
91237
51099
24580
64338
24912
59277
54477
72975
12407
41456
12915
86237
29367
23800
71496
35700
45114
48091
90320
33233
72671
55761
75850
49120
93553
80761
14700
40315
36931
1488
48943
43588
50092
20740
60361
52417
74637
27040
61909
25527
97187
77760
69618
40181
54094
96012
74561
53771
37788
17884
4659
96059
82465
23195
27282
438
27934
38449
98047
97243
4738
77737
76329
71005
24599
74758
26008
9966
52993
82634
96656
18478
99796
90
48614
74919
42836
57035
62314
73587
34393
73800
89787
65699
10105
23330
45025
99864
84323
59197
51523
22495
66439
26855
59192
72974
68120
51803
89740
92874
80109
64756
72826
667
55515
2245
90200
35061
75799
40240
17882
48179
57765
75034
15453
80261
72384
83971
99916
68851
86928
68873
28236
95277
68285
29643
52232
34613
99086
78662
94289
66224
85138
60226
58495
62940
95425
45060
13863
56913
9927
96562
89019
53982
91043
44359
11141
93464
28428
93431
8004
75151
47581
28329
23109
45014
89898
88150
17211
56291
74161
11713
7675
12026
48421
72204
79607
94613
72450
9422
90876
46410
86083
53890
71519
57717
69910
13499
70842
63862
46250
45015
46014
63107
43580
42806
91486
51056
27869
42124
18712
11853
45298
21546
21561
73299
22783
24374
25190
43000
48633
22555
46587
55875
80440
88182
62824
30293
97432
43267
33303
26647
91464
19468
42966
29806
50079
17789
47897
59799
9640
45040
25131
10420
95596
71020
22961
42306
83935
23383
28051
50966
14389
13029
25678
5416
94210
1886
12284
63070
30602
7617
93410
95907
74241
79828
96070
76876
82177
37671
71615
71803
67606
25862
20529
56356
63695
32252
23250
70120
85530
6315
10677
79247
33913
40732
27
89498
61633
74340
14545
90072
13780
21013
8483
12541
3344
96654
95799
57466
80765
14140
20075
44919
90790
1343
99462
80349
99946
11949
20140
44168
36035
42849
55145
99616
74555
25939
38266
61004
655
16739
43039
52318
76124
67557
66131
82199
79815
32388
93968
1535
75519
10924
63722
79337
80207
42179
20113
81713
31638
19112
33402
3864
10002
26003
25014
57642
63837
25091
30128
12224
599
73910
42005
70733
1050
7089
72883
67108
44917
71272
85650
42758
3695
68584
14452
87892
25124
84472
50038
26423
79140
47230
92118
33433
98293
76193
18367
21020
72221
87269
62858
26630
1250
59052
4792
69384
59768
12950
26300
7657
25186
76384
37803
96888
68592
91420
12842
11107
43612
44187
28016
7143
84417
73477
37694
82703
267
61482
67714
21879
41648
18072
80760
16890
55891
29457
57999
49535
6069
31692
77956
26962
47534
67085
6311
70991
2231
81738
43266
65887
82093
58523
14352
18091
56492
83916
9582
84326
70688
97408
84395
37214
12362
53837
78276
60977
5677
60335
28789
38022
79598
21217
97095
566
34781
99191
52346
73536
64331
84961
55954
56946
14981
14538
37468
1839
88653
32558
58480
61767
82466
73419
45518
13627
28407
1045
16598
66935
98106
25583
6895
40018
96912
29949
5789
2569
53593
62617
69204
79047
8644
11508
573
20014
95394
10565
64691
67047
83010
52818
99264
30945
97277
95586
31032
86401
74337
95615
73179
38782
8637
9806
93802
11320
33372
83655
57284
28325
47240
55075
96465
4811
33281
7832
66949
71668
58217
57846
65009
54733
21462
41379
79735
45785
66368
49209
45865
67847
67421
14656
61401
39763
80855
36552
83352
84159
28393
80239
81160
3934
35919
91128
70311
87487
61050
85770
39157
73782
36682
65907
37976
94788
58182
34444
26161
78289
3651
96863
99945
71458
97680
39863
8325
20543
34755
59676
24691
52448
32436
20801
65598
25960
58860
41380
7964
36793
61630
17820
62954
90247
96651
37820
48040
98662
5265
62731
45761
34946
60414
3635
55272
53972
33051
18220
16320
66916
80625
62438
95411
24275
81021
33050
97443
96971
9241
60783
9575
47601
26252
64355
65017
50159
15023
20391
44779
3237
35582
31020
93155
18373
98698
43674
41914
20304
39680
45949
87557
55816
64227
13889
94454
86390
80008
2124
84953
33992
90816
26531
88271
19347
26249
72519
98667
23144
40358
16341
74055
74766
71802
83964
31104
26242
91684
88839
72022
41458
40906
50056
56102
39898
79821
13425
42909
3250
19885
96248
35191
33705
34901
99015
88096
64627
72354
52298
42910
41994
9612
8281
36999
63577
11899
62769
34063
77146
35998
99049
60441
89473
33972
47142
96371
31662
39092
21611
15478
18299
23208
77406
93833
26892
39257
11606
27693
70277
11139
32587
87235
78642
6671
64141
47454
84615
6682
79649
83636
78212
29175
61499
69551
16985
47087
59234
81563
15174
46331
8540
29458
97431
92132
53440
18757
53577
5750
40916
21051
38360
33347
78087
77268
99963
93803
78357
70016
95700
90486
2924
14355
12471
23252
1227
53736
78119
8472
24799
28875
71729
81755
83333
37533
74617
8613
39566
68971
29618
29011
93627
88349
39532
81558
48152
98702
93226
89395
47078
59684
25183
39922
47397
85667
8469
83136
68461
85431
12167
4998
8901
58701
64504
22882
46371
93481
52658
50201
68303
27682
67187
42822
71601
44656
5907
69009
40147
29636
2081
32467
72578
77590
75252
68459
61841
48903
63848
42138
78797
21507
16061
29424
84576
87798
37164
16537
78497
89708
30045
70984
8258
27724
8743
30598
81177
33107
67270
24136
26680
17925
14233
99139
30440
93839
85516
70014
91713
65391
33005
63296
13626
75747
15215
16972
76424
35901
12595
14072
15571
75635
43126
30414
99190
39793
65908
8064
8737
16645
65032
85887
79539
58131
16223
15797
12302
9308
89720
89926
18642
3662
65230
69447
55509
90680
75734
14374
50790
76190
68790
43394
98922
68063
94763
66
94912
16125
60107
83508
77820
98825
25264
69186
38667
62421
4454
29760
43371
235
7215
52719
55084
90835
76348
91977
48455
52239
8904
89799
65136
94773
89875
62756
62721
1119
72838
85290
79571
6216
48353
33015
89575
81271
96032
22534
55226
7594
7757
39759
42258
60410
78716
88489
93577
53780
43721
79750
57472
60653
52524
92263
32559
87616
48840
62965
80966
64041
36297
69360
63307
80095
57218
53359
1247
85448
58460
92818
33327
58771
53120
9823
1875
68025
60936
86739
17282
85417
65225
49869
8474
28814
592
45416
36104
89406
25313
29562
56942
21107
80420
76780
74727
86872
717
14513
30087
9252
65900
20679
31281
12680
8024
43071
62781
94745
44320
53137
23260
47570
79933
13388
69052
11987
8053
22355
14067
46882
40323
46260
78734
85526
44778
55679
6857
64707
97482
47616
45320
4255
40459
83011
82902
67525
47554
8561
56713
21797
66668
7812
97088
12514
55390
42420
46155
60126
96041
18730
10724
19188
60806
75502
1422
89610
40113
32767
5532
20347
4034
92376
51612
41166
95366
14868
66451
90719
93243
55230
73659
97559
33012
28726
36686
9488
16177
17685
24561
15012
57163
40699
77981
7825
60175
6962
93672
79176
78604
46311
90910
43972
5224
35712
47107
6844
94717
33827
54039
15345
59500
61778
30900
44997
45660
78736
12062
70562
19551
20846
18828
71318
21877
7124
83467
94528
36290
9429
47459
93928
97846
70182
25104
52089
90623
14449
16334
99967
43019
46355
43107
8175
22324
85067
93340
42598
24246
9456
17333
43939
19441
79534
83318
27291
97742
26580
83049
36417
6898
68641
60305
70889
76007
59360
95783
25867
55785
85366
27116
74232
12820
89541
9249
77226
9476
64358
98420
54883
56125
24486
4316
42725
36831
41883
40717
774
96660
69432
71229
47198
778
82870
91251
33511
74291
66662
59431
56815
36477
47012
2996
8383
44135
75667
28657
57565
62507
62241
80093
64899
9967
96414
3267
39995
1897
98130
86750
80909
87503
26371
39891
51617
18
92434
39915
86922
51457
33730
17457
34181
9438
79433
91777
7337
96021
50918
31664
67740
66126
21246
27690
81163
46438
67485
29350
33471
86032
73773
35392
61026
82357
48651
83840
15162
5105
18645
79298
8984
55287
16609
58944
17839
53174
34266
3618
6691
23959
93822
73266
33690
2288
39130
74911
95485
32696
87375
79804
76468
64078
62013
12751
90474
72669
55062
28327
65765
23878
48842
11600
8025
66135
24770
58502
45576
75696
42698
75312
1496
91499
5013
51792
68832
78067
8863
13925
2404
61333
94715
49157
62520
83340
76874
49608
9025
81841
87761
95011
96427
89789
70382
75127
17714
42931
40941
2295
62598
38441
53320
17548
39347
36499
97999
82804
76365
56869
3048
51572
31884
83772
79402
76945
45826
38089
48910
98324
57501
20676
96514
79076
83915
18250
86527
89416
62479
3264
60661
997
90213
18165
64199
53151
34611
79703
62715
18502
81277
77649
98140
10621
8821
44458
94324
66084
91116
92024
76442
4987
81105
41526
4189
15320
51065
44216
99522
41219
63472
99672
44094
17450
98274
11171
50298
40696
4253
14787
93654
66744
64028
7416
62962
12377
35686
17853
95841
93880
40196
95651
73468
77501
16266
23326
8730
22645
23675
39858
70021
86019
5609
14267
9562
49886
58855
95638
90126
47297
74498
14646
87381
26261
41678
48254
64908
85824
73554
14657
58755
28594
87481
59424
88596
71899
88734
75191
50375
71807
85511
31930
6500
64533
60244
13658
58546
70356
83085
2300
49014
52165
57929
2014
1737
43487
21445
75472
78823
33815
21681
92049
38478
50769
61010
62551
87916
70765
53599
46198
8862
32103
94473
25425
70844
71397
99431
89434
75048
92631
70119
43063
17581
58717
36802
28912
64424
74185
24192
53860
15423
63413
80222
67586
73635
60425
78770
18437
35827
78592
81415
3021
87552
19545
64612
77107
15814
57182
56054
87286
27289
83260
83754
39328
33314
38769
59670
85445
35645
73501
17508
88228
18879
7014
37080
43869
60542
92744
34183
31935
55583
48867
44280
54759
33701
94577
45059
26670
28466
2572
39490
50398
93865
84519
58263
31539
15002
40618
16135
50690
18149
36528
44665
83698
47429
65221
43820
24017
63112
33775
44004
47425
52390
45640
45136
5317
4758
4275
52247
41207
39950
65040
76325
2971
72151
73465
51218
14929
48965
27877
76343
84186
64013
65104
18164
15908
31857
64254
14095
18932
3833
33657
38869
23629
44126
11676
98134
9553
62384
35008
46786
77391
44058
19285
25719
651
10784
80875
47821
25442
18592
2727
28771
70995
265
31390
72123
11690
26115
43247
24587
45538
21136
20533
1383
86063
53994
99026
86000
23219
91651
6335
34540
18816
47987
19568
31645
16163
50427
1599
98008
27095
48816
34349
46737
46576
20640
82649
3334
84431
4043
20664
79969
30634
47898
31095
76717
3637
65995
31704
91921
93066
12867
44334
90187
35437
89326
35358
57206
12129
16837
51757
62831
3607
59316
94417
26388
79502
2769
51336
38350
7999
25968
47673
90037
34653
68425
48619
19381
14723
11084
53709
62244
85481
19308
17577
64658
19420
9415
96499
63956
75649
44914
6567
41846
81380
10033
50997
4380
86558
92967
13705
13951
27265
75094
84500
91366
70831
80520
63014
18940
10646
9498
52889
36359
25621
84456
31823
72890
55654
98664
7065
2600
66333
59550
86905
31188
87439
40778
82749
57033
57301
61143
53401
96832
63028
65660
53467
6606
29494
99716
78474
54878
52721
17045
94478
94793
47138
37541
6191
94236
54953
78291
40610
10709
38
89693
48267
74740
82268
42418
70804
14574
16168
1164
55912
86585
35198
69068
78953
36171
58187
49163
41778
91207
4199
34823
65413
83881
87771
87654
69516
16932
68144
37012
40688
25433
21047
44339
20311
58103
29271
30349
42584
97888
19137
82720
60118
37205
18198
70523
81516
82760
78558
48409
95763
16056
80044
32192
33785
49565
85867
91369
91855
73923
47870
56475
14163
47031
63571
86006
33435
11280
41976
13239
98850
61403
41761
38255
6333
70139
81978
30199
27971
98959
34662
45202
74947
35232
20803
23601
187
64121
90686
66374
78273
85439
71103
75261
92948
28990
23686
2693
97927
5420
54280
86470
84635
29909
16961
37872
13501
71819
8074
38652
62643
95937
76822
47776
6826
48322
77431
37356
2220
90442
84376
69525
45983
54238
82134
115
90678
18284
68437
7653
73319
38164
63687
65715
86313
97738
39128
44007
49011
18753
14405
18384
3245
41723
32602
69608
28353
34664
54362
34918
77346
41705
82172
83830
13721
61307
81695
82413
86615
75387
48231
77796
59650
39209
45746
60385
93634
13065
71618
71866
88180
72820
89681
57763
17706
73017
81982
86206
60040
92364
63538
98767
47068
69087
63322
37393
60521
94702
43806
519
60135
15329
70256
12176
10191
98386
50066
73971
24652
4596
61224
43110
89138
83937
54112
15621
79655
58690
78832
78361
90272
61827
59344
28797
93709
55518
77721
95059
42176
36401
54021
80164
91108
4108
94474
15465
71411
82577
4634
50556
25963
79202
28734
42637
59713
24404
98695
6799
25900
22692
10401
5296
62276
8142
94469
75872
15676
14019
49316
17893
37531
8298
76277
32594
90601
22289
59068
26616
51427
29519
28184
13572
46049
69254
84299
92074
53761
54816
45018
2770
11185
91001
20215
20192
92630
904
31920
65447
22765
72274
26981
86850
27060
95991
12653
20417
18789
93442
35319
17650
60045
31014
77896
82010
36558
50730
24414
38852
76128
40498
40019
65065
24879
39227
61789
50422
24845
20822
22671
98524
32290
55040
95803
43543
71951
98680
44928
60979
69815
2820
34936
85125
12899
67443
18972
20110
88525
13903
37631
59620
36334
44691
63923
45794
66869
84334
95544
87284
92239
49845
97701
48150
26907
25188
73754
37594
30074
62249
52862
59989
27684
45269
17384
44534
40305
18188
66482
62718
36879
59882
51742
62478
59161
85904
84155
85895
63836
17196
17436
61114
6698
85595
30708
1733
80800
81799
96161
33464
95993
47108
85210
59701
17204
88582
13858
20561
5003
81316
22712
15067
22154
35293
59830
62469
41391
42560
80816
19071
60362
35733
99643
9875
76022
50280
99429
12496
26864
73366
95376
87805
81089
95144
73005
73105
70738
25099
68492
96745
40886
41252
7346
18180
75633
54501
92243
72021
93610
61852
53734
40716
12796
41806
76580
72007
67937
59370
42958
46720
61543
88910
60851
48454
55305
29664
26001
70433
65868
1923
26047
64975
68476
61812
45689
34231
13605
26799
43114
65886
60492
97825
13546
64969
86049
2067
40481
42745
34408
92785
67520
69480
68959
84502
64937
26275
80155
41696
62813
96456
91971
73262
57307
67343
65701
79188
57041
64120
85974
23355
49615
74051
10651
58900
86811
58694
36927
83607
91614
23531
14132
58646
43719
10356
1545
84581
3103
90084
73896
82175
33004
79796
8465
64162
50520
9944
454
50634
78565
80417
88347
25487
41202
56915
13969
71505
40336
88864
89887
68508
98434
88264
41902
47604
80620
99288
51701
94944
16941
44471
90622
25177
45861
73653
75343
84769
67878
79779
22492
21306
87512
89000
6483
31659
51123
81414
87441
79990
64176
17294
98682
90464
63074
39509
28820
20298
26239
13109
23992
19417
73627
82874
47354
23551
27085
79941
60219
1130
72513
62878
68887
49880
34340
88167
98613
30494
56020
19034
2599
3520
47855
58017
53357
55530
83371
45445
43161
3971
43136
45165
31181
22107
45943
83485
92345
73525
6377
33595
60395
70553
8861
94946
83291
8292
90970
97054
85814
68809
65208
82768
93417
5432
29291
37705
90087
44352
72891
77789
38461
87951
658
59946
35264
21393
47730
76371
67146
37466
28890
86085
40626
52999
26912
45977
8803
37932
44483
22121
34527
23076
97050
13282
88535
28379
45186
99380
35153
23362
31100
21921
10983
73750
75500
100
2678
95679
11618
9524
33068
17547
37598
25121
51468
86694
27898
69129
33063
50589
94245
74676
32714
61105
15724
97895
74431
93792
59253
12654
76741
53517
61925
19927
72500
87077
69057
8131
82538
6120
96259
90358
89147
9639
69808
12799
11611
78966
2646
35912
95838
34150
58023
97800
51661
79687
46771
32381
67879
82384
34978
25389
66061
4141
43343
42262
81093
72535
14708
40969
31992
68046
35794
60841
43881
22090
2787
53314
1569
17447
79675
84264
34522
6647
81725
66684
2182
48116
26201
4374
34624
91799
60329
58417
91599
63446
96913
81478
17476
35822
8808
95458
70755
42877
91780
76809
2939
59645
30295
54926
16082
38555
39013
31326
96640
31557
25733
59223
56305
5051
44709
24123
61594
33024
53842
50438
96086
24749
78256
65616
23582
54488
14050
54469
19128
6745
49868
87645
84341
26537
50967
52787
5806
74773
59871
95128
46298
47050
97176
34260
22941
23352
2704
81973
55674
86863
5422
58591
30261
59103
33140
78222
30118
41599
4039
90951
34331
50892
78054
73817
58318
69686
22622
33329
18161
35188
67507
4852
55117
75681
89626
87273
90282
28553
86747
75176
69667
50820
20600
81529
57370
77976
48164
53369
44849
41141
66514
26930
28865
42111
30809
95494
44073
60669
80997
17428
46330
69929
77109
28449
45171
31887
34577
95685
6668
49581
72395
86157
19170
86990
33241
54363
7648
12659
18667
90108
24311
24992
55783
35716
3368
31171
66295
54076
91467
8722
3624
25458
85797
79563
9592
75575
31723
66448
75285
64349
10504
90436
51424
31990
20068
14192
5414
32310
33519
77497
80821
58035
86679
79904
22597
74049
51592
96358
98956
53588
6534
5746
58240
81135
73992
1335
85247
81386
10564
93245
33386
57079
89897
58154
94047
18698
23824
5196
85780
40680
48054
92813
36663
95379
96194
60130
77008
94466
4217
83721
55753
60109
15547
31488
8663
63580
2209
41274
51261
13163
17310
96661
94535
14165
29783
74916
6290
5523
91136
19023
92458
26846
82940
6002
22060
46741
48386
5642
19105
70580
10246
53843
86760
2755
375
34058
94675
78705
79314
13336
43841
42728
41205
14850
78132
81452
21951
88181
26121
19894
69811
99056
49231
16184
75338
44212
39452
16599
88164
87631
10440
85519
42284
35186
45523
98990
27450
52222
49516
60124
99769
6349
62143
73479
80836
88316
65341
15684
26992
99464
18216
31501
13189
3416
42052
31698
77078
85722
96679
61580
91433
50130
24336
67140
2425
20714
72709
72617
3472
60116
44474
34074
88452
91
87808
60866
48172
40965
49809
68981
88323
37896
37683
29777
19840
73666
20730
84733
23249
13727
69661
94842
37053
78952
49963
98378
4727
48498
47619
66846
26905
82350
85403
25164
97421
60605
25084
92306
40966
90717
93263
31608
33334
16091
35818
26746
15072
63176
40043
98444
85871
63324
7891
72626
13599
60301
69514
2765
89938
49382
52809
6823
41135
41747
19580
16716
25740
91226
74305
5168
80251
90192
9852
43097
47051
49217
30014
85195
92737
78347
92423
53378
70640
28251
95292
96520
21403
42134
29945
53913
13202
47659
53429
30240
97533
50337
94230
10137
84968
70895
66417
66933
5526
98166
64182
43093
50669
13536
33126
39556
12622
84723
51089
36188
40103
94614
75946
68819
59783
36252
36490
1409
11844
13225
70947
31093
9120
6391
39608
31165
3596
12039
89712
92897
11865
60791
35842
43068
48292
22274
29541
87198
79947
34737
5181
213
91932
30083
8948
75460
43485
81714
7205
90022
74507
6257
97475
64177
67378
58397
83097
44107
83635
86141
4834
7482
94637
19767
42561
35658
3457
68113
14566
69726
79747
20444
97369
39874
23353
74744
24991
54694
13541
28938
99104
39312
90894
28579
57571
38619
36141
16236
49599
58695
77097
65535
15737
55408
38248
25409
98229
42212
20694
67895
22634
63294
46398
7563
75406
23012
96631
72144
23391
2395
7046
76730
97649
14424
49829
72584
34947
73434
67871
22644
41311
15134
89797
43530
88781
56518
1506
89600
25641
73009
95813
21645
4753
98635
35062
18418
97457
67566
41383
79836
6966
92519
53249
45681
6310
41688
7911
51795
61421
71274
77949
50321
33840
88965
45885
95647
48551
64886
75247
36765
99971
70392
82860
86817
11303
37077
23641
95530
54629
22572
15175
84314
24462
15242
99997
65269
37254
83687
13885
49711
84781
36972
48279
37755
52819
78304
25184
6523
23598
42382
9231
49989
95193
109
16115
24307
68802
79117
80014
90544
62312
31182
30529
97099
51042
7516
3266
2352
87803
48441
88293
5630
21828
49033
57100
47970
19609
51100
47178
71643
17808
83743
86394
24696
59099
7554
88740
5464
32207
49167
34151
5018
65751
55300
38698
2041
64793
28401
89338
49049
61608
62680
42235
12190
6675
1724
37396
92618
94330
19070
67123
62660
21566
32741
93992
32502
1635
92652
84919
60674
55512
82498
80186
62821
75336
45334
87574
25582
11334
21394
13205
81212
23214
50424
6008
14478
55118
56918
45635
5931
62877
96441
63496
52899
65165
11650
34654
92526
93584
95721
29982
73625
50560
27445
81012
99478
56439
61750
65454
1452
24498
10289
14936
27639
19101
68601
84442
18920
69931
53707
90456
74632
84039
79697
29503
27324
5320
64465
36457
21721
62259
67256
64436
7428
37210
50114
9449
39601
99818
41075
50151
6213
55567
16036
51530
72057
40341
92511
17467
21753
70975
50913
5119
10155
95369
28377
72397
94386
70187
34442
5652
11940
7654
14927
65849
88161
2745
11353
4934
62751
2421
30556
45705
39552
32521
61807
35989
20146
4249
31714
62802
49755
76758
35442
29837
95169
19114
75779
48374
92100
72457
53650
62819
5835
39242
56580
27987
15686
38909
4068
71281
94939
48649
75509
21687
59468
57443
48709
11605
83547
24330
54233
51034
10839
46300
59851
79499
74347
91277
62726
20902
13744
31910
60222
74720
20924
40390
36229
22888
5557
59877
47210
55238
58189
58179
90242
14070
4106
25359
42182
89260
21456
9581
31836
